32101
39215
39379
41950
43873
44247
44273
44403
44521
44756
44928
45020
45103
45161
45237
45278
45341
45372
45375
45376
45412
45464
45520
45538
45561
45584
45663
45698
45701
45750
45753
45803
45812
45823
45834
45850
45859
45874
45901
45902
45920
45923
45987
46002
46015
46032
46050
46077
46097
46121
46123
46132
46159
46165
46170
46175
46178
46187
46190
46192
46202
46209
46218
46231
46234
46238
46291
46294
46298
46304
46305
46315
46326
46328
46365
46369
46399
46402
46421
46424
46463
46468
46489
46491
46506
46515
46612
46614
46617
46644
46655
46657
46661
46665
46682
46692
46693
46701
46710
46726
46752
46762
46821
46822
46829
46832
46846
46851
46858
46869
46877
46894
46897
46899
46909
46932
46962
46981
47000
47050
47059
47068
47085
47086
47110
47116
47145
47176
47177
47217
47228
47246
47254
47276
47312
47317
47321