11641
11989
14536
14720
15011
15406
15493
15681
15897
15962
18372
18694
18852
19764
19841
19906
19961
19992
20279
20300
20313
20349
20489
20525
20625
20685
20782
20784
20802
21062
21075
21087
21150
21232
21270
21337
21371
21385
21397
21444
21483
21512
21532
21535
21579
21582
21603
21606
21611
21636
21639
21658
21679
21740
21774
21799
21867
21950
21956
21970
21973
21978
22026
22028
22066
22068
22069
22070
22071
22080
22101
22115
22134
22140
22141
22146
22159
22166
22176
22178
22218
22232
22233
22238
22290
22291
22318
22320
22382
22413
22493
22508
22542
22543