16263
29637
29884
30200
30667
30797
31437
31729
31802
32120
32195
32223
32224
32283
32300
32465
32489
32562
32612
32679
32835
32885
33245
33246
33504
33787
33851
33869
33895
33903
33965
34029
34085
34159
34166
34246
34274
34358
34382
34406
34436
34490
34558
34613
34660
34662
34746
34794
34891
34930
34974
35006
35011
35320
35475
35514
35574
35837
35852
36067
36072
36120
36194
36277
36290
36297
36349
36380
36393
36568
36597
36603
36609
36667
36701
36750
36804
36835
36862
36866
36939
36952
36957
36976
36993
37018
37049
37058
37075
37093
37178
37184
37222
37248
37251
37290
37296
37297
37347
37369
37370
37373
37390
37420
37421
37423
37438
37452
37480
37498
37576
37596
37619
37659
37673
37686
37723
37724
37728
37736
37754
37761
37770
37778
37815
37826
37835
37836
37837
37844
37869
37878
37894
37912
37921
37937
37960
37976
37986
37997
38034
38035
38064
38074
38084
38137
38138
38142
38193
38203
38209
38217
38223
38226
38229
38243
38266
38276
38329
38345
38351
38352
38366
38384
38398
38404
38440
38465
38469
38482
38484
38504
38506
38544
38549
38561
38603
38610
38637
38639
38644
38648
38659
38667
38668
38669
38677
38682
38700
38702
38705
38713
38718
38719
38720
38723
38741
38779
38780
38814
38837
38838
38839
38840
38843
38850
38851
38866
38867
38869
38875
38892
38893
38904
38958
38975
38977
38989
39039
39047
39052
39074
39075
39087
39099
39100
39106
39113
39121
39127
39134
39138
39152
39157
39163
39167
39169
39192
39201
39211
39249
39294
39320
39329
39333
39335
39363
39566
39568
39569
39601
39619
39633
39634
39636
39637
39647
39677
39678
39679
39683
39687
39688
39697
39700
39712
39713
39727
39739
39743
39744
39747
39749
39752
39756
39765
39771
39775
39777
39778
39783
39794
39797
39799